1.5495331555
1.44440333702
1.47745321415
1.46509829022
1.46231631325
1.49105767829
1.47123383593
1.45570464037
1.47309843527
1.46992720908
1.47285912429
1.44515224112
1.42389711707
1.4534448734
1.47528641287
1.44965202721
1.46753603022
1.47381070698
1.4595920663
1.47833081548
1.46778813185
1.47324132443
1.49251800659
1.47198980975
1.45272536978
1.48987046417
1.45265928559
1.46026435963
1.44311434058
1.46961933847
1.44583816522
1.44863038764
1.46767060337
1.47997635116
1.44660257154
1.45114782155
1.46537128401
1.45920320723
1.46787840096
1.46312849743
1.45814436871
1.46000273972
1.47881608052
1.465399263
1.45747384196
1.46809195897
1.48586473139
1.42979474051
1.4627911676
1.47473048385
1.45275083893
1.49956560377
1.47549246016
1.46730399032
1.45047302629
1.46819004219
1.45148544602
1.45569570996
1.46038967403
1.43311025396
1.42013133195
1.4626178585
1.43516445051
1.4916004827
1.42043866464
1.50910602676
1.35091117399
1.38714382816
1.46193912322
1.46074227706
1.44958545798
1.46710190512
1.46405771744
1.44085599558
1.47871126323
1.44723391337
1.47819450682
1.47135345855
1.44795476449
1.47049957497
1.46015273174
1.46342372538
1.45691832304
1.4595670591
1.47889857664
1.44094448193
1.46537401369
1.46386645566
1.45197589512
1.4740084803
1.47789512483
1.46338272506
1.47550974243
1.46267870703
1.48121605446
1.47115566817
1.45820334659
1.43730129061
1.46127649677
1.48129875447
1.48636132888
1.45675358246
1.48352991207
1.46577385705
1.45380535148
1.47341168721
1.4714003534
1.44981722986
1.44588139209
1.45946120195
1.45203891132
1.45922650743
1.49243358311
1.47929882039
1.4649740612
1.4609575627
1.45643331464
1.46717449542
1.45344108928
1.43895587146
1.46864188964
1.47708158204
1.45078564923
1.45855750658
1.48086731343
1.47774084331
1.47444260655
1.45069431653
1.47938297949
1.47458536545
1.47953911743
1.48829701337
1.48342913548
1.48758663613
1.46169559074
1.45685174263
1.44447706801
1.46741200758
1.45330244615
1.46090006503
1.45069259321
1.41663297999
1.48048674428
1.45024032491
1.47907606295
1.49423057123
1.4620485628
1.45550128822
1.43454243576
1.45757709916
1.49687307411
1.45457210203
1.46427422295
1.4548955289
1.4541763992
1.46072653156
1.46932705685
1.46365125628
1.4417444295
1.4601434861
1.43728111377
1.47923223329
1.44915768638
1.44874704486
1.45734724757
1.4660426324
1.44831246629
1.46043178547
1.45135419523
1.45463672441
1.48198954112
1.44603077422
1.47224929954
1.47260245824
1.44646085326
1.44733202825
1.48150261559
1.45865897317
1.46030955622
1.47630112105
1.46843760508
1.45448410098
1.46194220132
1.46264828308
1.46478462581
1.45782509239
1.46856766953
1.45899074706
1.45273535098
1.45753353306
1.47428762458
1.47609010565
1.45682840445
1.46402117471
1.45493401912
1.4655531379
1.43318282155
1.44415026919
1.42848836187
1.47353554419
1.44501695492
1.46610061046
1.48076365434
1.44130635189
1.47218850695
1.44310983643
1.45496872819
1.45840597914
1.4799249981
1.46683127864
1.46083161247
1.47163650403
1.49765783809
1.46961049261
1.44353801474
1.46044719179
1.47325523926
1.46568959879
1.45656136156
1.47065053633
1.46600989083
1.49068608365
1.44979481307
1.46075254578
1.45979895876
1.455379332
1.44072030596
1.46318624925
1.44736761053
1.47778415203
1.46563467481
1.4718403446
1.45247822703
1.48147359072
1.48444130905
1.47114445246
1.46931582718
1.42719059694
1.45456832084
1.40835968417
1.44994551622
1.44895928169
1.4155694967
1.44328167729
1.46812976266
1.44949956882
1.45339808724
1.44875153149
1.4752199836
1.43955340297
1.48314429507
1.46461257676
1.47600169377
1.46530304033
1.45340049539
1.4652771069
1.48281725105
1.47606605543
1.45342010444
1.46812431354
1.45650300377
1.46058926465
1.44953785739
1.48698386003
1.45344108928
1.43969753768
1.45262658657
1.45957733608
1.46732477659
1.47283400287
1.44429186801
1.48353395647
1.45798593958
1.46155088861
1.44423716889
1.50796982728
1.50096635539
1.56787180598
2.09518877431
1.26582818739
1.40128262674
1.49486755266
1.48920012087
1.44648297605
1.44421639653
1.44678194625
1.46952611409
1.48162410888
1.47824761119
1.43249363
1.45744090789
1.48599259756
1.48413678615
1.47876434904
1.45577196016
1.47545687839
1.46241546764
1.46825747061
1.45658367422
1.46051018483
1.47041388731
1.45738876076
1.47664281395
1.47308214299
1.45592685256
1.46606991648
1.45006137801
1.48896037556
1.47693635611
1.4863206249
1.46929472877
1.46070393989
1.47398270003
1.42419591349
1.48988757965
1.46262811405
1.48147527823
1.48220949936
1.46326962656
1.46650264234
1.47340897242
1.44899551414
1.47927313232
1.49157701779
1.46326825975
1.44286277934
1.4516063516
1.46229716542
1.44752409306
1.44337001493
1.41468123618
1.49978765164
1.45093797249
1.51236338226
1.46376500846
1.46266195684
1.49516888678
1.44120956144
1.47309673817
1.48102295728
1.46392383682
1.4495464808
1.46539039167
1.45325118269
1.47175609392
1.46368405061
1.46370249709
1.42796008348
1.46884240135
1.4635453529
1.46284448934
1.45109786024
1.45401891322
1.45526286285
1.45545216342
1.43809109586
1.43755834664
1.4552092633
1.46723890352
1.46380804753
1.4730234214
1.43989826029
1.44539475577
1.46200341997
1.4537186798
1.45465253583
1.45385109279
1.42648413941
1.45962837736
1.47748096434
1.41502296801
1.44885092401
1.43716874444
1.4533027902
1.45668184584
1.45389717656
1.46897991817
1.44278203482
1.43991319183
1.46138051171
1.43806884397
1.44945713976
1.46071010129
1.46418031676
1.42982306598
1.43806015173
1.4447650328
1.46375339453
1.44595608509
1.4541437343
1.46315720276
1.46082921658
1.45096037162
1.46830003746
1.4501965384
1.46118376668
1.45267064402
1.46427524735
1.43813664163
1.45633134966
1.46215081301
1.46691547132
1.45519036555
1.45943071093
1.4620318054
1.44705943209
1.46445621307
1.47590446845
1.45141482699
1.44897929592
1.46857277654
1.47638816034
1.45161496272
1.47263641134
1.48057860311
1.45355908033
1.46725117141
1.47005578125
1.46035269712
1.46819549107
1.46140548788
1.43341201334
1.47358949508
1.45819511726
1.46090143405
1.45925666008
1.4588800499
1.44687594492
1.47111216432
1.4722353752
1.46175237301
1.4307753143
1.45915420707
1.46129839526
1.45200378787
1.44434102621
1.4530643482
1.47994628281
1.43958952483
1.45045268796
1.42995734202
1.44179332777
1.45552670879
1.47616868955
1.43922791802
1.47151826356
1.47162834982
1.41481624249
1.46704771565
1.43666349574
1.45966331734
1.44418939201
1.44994137813
1.4581429971
1.44758695766
1.46062897411
1.45199896694
1.45072016599
1.45996061591
1.45360414144
1.45319269197
1.43891382647
1.47545281185
1.448536848
1.45909732369
1.45513367084
1.46345447486
1.453892018
1.46455317418
1.43525398449
1.45789711571
1.47799357238
1.43773745865
1.45338845461
1.43889436721
1.46071044359
1.45335611603
1.46820264269
1.45742272522
1.47303835659
1.4635757582
1.44657872237
1.46813827687
1.46899795779
1.48484982406
1.47009965649
1.46159672961
1.4481702248
1.46007431318
1.41882310384
1.46786545705
1.45464703623
1.43978887341
1.45195316729
1.45895647639
1.4614650184
1.46965131919
1.44722527618
1.47250806449
1.46188166416
1.45825957909
1.4502282579
1.45036547118
1.4498475782
1.46661003679
1.45223827246
1.44542900206
1.45769201137
1.45598832413
1.46965880394
1.47169120402
1.47375506785
1.45458000811
1.45223758387
1.44562996649
1.4784917991
1.46554187931
1.45520067345
1.46397301888
1.45871484533
1.46379984971
1.45471096786
1.4728166892
1.4699503393
1.46144243814
1.45910966003
1.47099218217
1.44887059464
1.44917355758
1.44939504622
1.46609754109
1.47337503712
1.47478167876
1.46138735454
1.46177358028
1.4692586566
1.41485865018
1.4557420788
1.45202100536
1.44750302245
1.45477798994
1.4581591134
1.46602489747
1.44827794294
1.46482012548
1.45598969777
1.4732701721
1.45429776868
1.47980471685
1.44874152284
1.45714378151
1.44557600976
1.45224963419
1.44084905524
1.48419506804
1.46083161247
1.43823572477
1.47497118616
1.48432274119
1.42056362054
1.44214111653
1.49045932517
1.44773029256
1.46351392204
1.45927756099
1.4599698627
1.4816727034
1.44856825866
1.45884097831
1.44698686933
1.4577537515
1.46037323996
1.43832471994
1.45741414841
1.43592653015
1.44838599828
1.4578124022
1.44492560362
1.45795130234
1.43903405102
1.44591078563
1.45047750758
1.435983635
1.49331242545
1.46256418663
1.43947907244
1.46085077951
1.48228843347
1.46726139457
1.4748681297
1.48009256467
1.46873040412
1.47796650842
1.42447358698
1.43724806488
1.46202804351
1.47207778327
1.43208728784
1.46662435545
1.43729085435
1.44078659072
1.4555837317
1.45340496765
1.4385982761
1.46180744286
1.46090211856
1.44478372084
1.45652085464
1.45716539899
1.45449441388
1.45315037075
1.4672317472
1.45476252358
1.44416065588
1.45549373066
1.45769166836
1.4301870507
1.46934032817
1.51956901785
1.44772683888
1.44795372854
1.46169217005
1.43499721254
1.44630079859
1.46698943418
1.47667227237
1.45072602513
1.45422453562
1.44633709764
1.47514778921
1.46993129091
1.46930936157
1.4564659282
1.46191005195
1.4690370996
1.45105134299
1.4713738478
1.45157672894
1.45097312174
1.43610480119
1.43685107092
1.42200879041
1.44792921098
1.48134803473
1.45352468159
1.46466037019
1.45037029754
1.44947266273
1.42754194334
1.44506089837
1.46980474894
1.47039348475
1.43699478078
1.45852459698
1.46308099571
1.4405714144
1.46111772284
1.44316631058
1.45842106403
1.45603468365
1.45410144075
1.48527808844
1.46443845893
1.45196900793
1.44464736182
1.38348689911
1.4147968052
1.47881743295
1.47282246045
1.41923852823
1.43834801074
1.48066235179
1.4550408929
1.45501649475
1.4554703707
1.45511545934
1.4471658509
1.47395149174
1.46333625664
1.46100718684
1.4474992228
1.45421490846
1.45508522087
1.47744170782
1.46067450173
1.45126014208
1.46898093929
1.45806344169
1.4488488534
1.47276237051
1.46969418588
1.45755994731
1.45176375489
1.48521681919
1.4698156347
1.45070672432
1.46241615144
1.44442133742
1.44860829764
1.4530633159
1.46619814486
1.45432767972
1.46964145287
1.47069167401
1.41624785966
1.47253149372
1.44050616104
1.43185090006
1.44994275749
1.44843950512
1.4469526599
1.48200472334
1.43052263177
1.47272706229
1.45942899793
1.44109853931
1.4640611326
1.4781572988
1.45577024286
1.45625581544
1.42051469545
1.46107494674
1.46264999231
1.48395215556
1.48257512457
1.45844369106
1.46983060248
1.44259661721
1.45762855351
1.46650809749
1.45928235787
1.44543626632
1.46204685287
1.44576450365
1.48152792751
1.45898732003
1.45950882149
1.45535322173
1.47345240846
1.47020576791
1.46330379621
1.44898205648
1.41584356481
1.44835941672
1.45596634576
1.47219190325
1.47075558812
1.46559578329
1.455064947
1.45751054885
1.46968670131
1.47496474534
1.48898455331
1.45592513544
1.47616597983
1.4722425072
1.45887250985
1.47583298513
1.45243691774
1.48032259998
1.44011562036
1.47996959428
1.45143997465
1.47963340054
1.4772751944
1.43515086315
1.49440924783
1.47352129269
1.48565440127
1.47209035049
1.47952019249
1.46711996783
1.48741688843
1.44446910663
1.47082085925
1.46784808478
1.45262555395
1.46463442538
1.46835622381
1.46323033047
1.46221407461
1.45912508031
1.45804835311
1.46670924181
1.46949957469
1.44676674001
1.49649624122
1.46115057403
1.46585845156
1.45614044652
1.46969860856
1.45684213283
1.45879882095
1.44624133532
1.47274098198
1.46475014934
1.47038804402
1.45034651032
1.47336926804
1.46990101708
1.4729243022
1.47224318643
1.46998163254
1.46658378554
1.47680533585
1.48243886889
1.44371673122
1.46155259912
1.4521095
1.48034489225
1.44972721572
1.47077224613
1.46683673256
1.46853872949
1.46760144453
1.46179923382
1.45819820326
1.48286243462
1.48252284974
1.46472488884
1.45005034395
1.47892596164
1.45381842057
1.49306262427
1.45058367563
1.46923483487
1.44216018528
1.46117966041
1.4714390915
1.48303270362
1.44233733918
1.46582195372
1.47463927793
1.47543112343
1.46837427109
1.44175795472
1.47619815743
1.48634787314
1.47670071443
1.45396836279
1.46991496353
1.45605940813
1.481528265
1.467554769
1.45646283852
1.45246032648
1.46384459558
1.46936380791
1.44304677679
1.48203036406
1.46118650418
1.48097636713
1.46809945167
1.46569471583
1.4532329476
1.48294740298
1.44269678034
1.47393520889
1.48318980579
1.48592597393
1.47084805469
1.45351470581
1.45916894156
1.4766841233
1.41910147629
1.45590143897
1.44164558751
1.48434834187
1.47788666683
1.45223758387
1.4728275527
1.45039236071
1.49194939592
1.45418499511
1.48849991602
1.44919598399
1.43108385499
1.4395363837
1.38858489118
1.49305358243
1.46272382903
1.45530031265
1.42656685788
1.43829378084
1.44062972342
1.4701775403
1.46642558625
1.49340316057
1.45428504771
1.4631982094
1.46291865803
1.4318592808
1.4260105189
1.49030533784
1.44935675387
1.44678782135
1.48181780257
1.45161737383
1.4881713611
1.43834383928
1.45784155518
1.47039246462
1.4647767748
1.42561635793
1.44527540628
1.44997758603
1.43809387733
1.48003074292
1.45764501851
1.44760526388
1.39327814883
1.4663597785
1.45757812827
1.4902999698
1.43917858517
1.45338948668
1.44866076084
1.46708350137
1.45809018925
1.45524877598
1.49098960426
1.46422880726
1.44398788084
1.45644979316
1.44832144222
1.45092970195
1.45043062571
1.45837066619
1.46473342285
1.44627141298
1.4413566526
1.46085043725
1.45598798072
1.46470952752
1.45786522011
1.48467471185
1.43564062355
1.49283522199
1.43749260868
1.46083024339
1.4471285361
1.47584653674
1.46762290797
1.48752075616
1.44523700479
1.48861983058
1.40832027607
1.48588626752
1.45453153971
1.4737102836
1.48828391109
1.45675049339
1.4592594012
1.47946274032
1.47215963808
1.49093728909
1.47977633445
1.47677012429
1.42181187223
1.46426944242
1.47066685555
1.45651261581
1.47636648567
1.4703217335
1.4844827382
1.45387310313
1.43867925543
1.42051610339
1.44364122967
1.46417519444
1.4431763579
1.45880704687
1.499557268
1.45572627922
1.47375506785
1.46478701523
1.45568231424
1.4985529687
1.45021239824
1.45422797387
1.44120956144
1.42960798823
1.44572196497
1.46798126691
1.45595157887
1.46102737825
1.4445182588
1.42531575449
1.45983868972
1.4818009313
1.47335297875
1.45879882095
1.4278728935
1.45398590089
1.43789777105
1.46482422154
1.47247988102
1.45274739718
1.47784911273
1.46803576251
1.41819427442
1.41770307187
1.45513710694
1.4364894709
1.45539822729
1.44935882376
1.46284585654
1.44449714434
1.45120294928
1.44067657717
1.45637186185
1.44290020445
1.45559953284
1.44257270181
1.44137434416
1.44728780828
1.44826862149
1.42934005751
1.44305162763
1.46120600875
1.44348917557
1.46247940156
1.48043777309
1.44785185706
1.45122499978
1.4498996517
1.45569948822
1.43210649045
1.45572044019
1.46290327773
1.4567460314
1.44765120108
1.44924601086
1.44560886826
1.45069500585
1.44784598628
1.44296396351
1.45719250616
1.44592842146
1.45838575144
1.4176515792
1.46363212591
1.43684411124
1.44630079859
1.44658148751
1.42215716431
1.46896153796
1.46364647371
1.47075762789
1.44331632015
1.43935089537
1.44343236766
1.43682218802
1.45896984205
1.44223229752
1.45807715845
1.47074742903
1.46445211598
1.45774140368
1.44500588234
1.39563784701
1.49465246797
1.46061254274
1.45920012336
1.46015273174
1.44888819444
1.46300170882
1.45122362164
1.45845020484
1.47221092239
1.43806258556
1.43727137312
1.44853477694
1.45046096121
1.44997034452
1.45332240057
1.45193663774
1.44928534113
1.45335646006
1.44652549234
1.4407213471
1.45926488343
1.46055503149
1.45036030006
1.46572644105
1.4488250412
1.44595608509
1.44265692387
1.46331438864
1.45292738979
1.45282449043
1.45027238821
1.44838875997
1.440282264
1.44834975058
1.42742215199
1.39870618788
1.42926064803
1.44104614777
1.44949439461
1.4500220688
1.42982901076
1.45613529591
1.45723127883
1.44984481928
1.4507670385
1.45201033054
1.46411953064
1.46884886901
1.4625286322
1.46651900772
1.45914666843
1.4527398253
1.45206783588
1.42772861567
1.44187759536
1.45331930421
1.46247188007
1.45256669382
1.46245888831
1.45968010194
1.42177248532
1.4603290725
1.44139585125
1.47798308515
1.45171450361
1.42598562405
1.44019651437
1.43564967872
1.44874911562
1.45562151674
1.43266220722
1.45623727462
1.44865661908
1.45935670759
1.45480754741
1.43850755994
1.42827063262
1.45403266813
1.45304163739
1.44709433003
1.46860239684
1.46006849154
1.450634344
1.44586098917
1.44819715509
1.44087924546
1.46056804018
1.44532418509
1.46236178834
1.47003945525
1.4288572357
1.4694777984
1.44981722986
1.44724082308
1.46149957236
1.49219938346
1.44375829002
1.45411622644
1.46168293416
1.4146893652
1.45048474656
1.47919065708
1.43925987924
1.4361037567
1.47253828473
1.45442875384
1.45575066546
1.46782662464
1.42756611055
1.45430498865
1.46095071785
1.45681604879
1.48591049529
1.43323515168
1.44733168279
1.45612293437
1.44429498372
1.462641788
1.4569025362
1.47802503362
1.45986471976
1.45259423102
1.45345966576
1.45696293707
1.44989861715
1.4631117524
1.46889516304
1.46172124566
1.46124535927
1.46275630233
1.46183104359
1.46047321098
1.45497800671
1.42989545072
1.46839708526
1.46597953601
1.43989339883
1.44942574836
1.43278888885
1.44664888622
1.45324911836
1.46206224218
1.45568712298
1.4296594
1.49789652513
1.46787090713
1.47737706764
1.47119611201
1.47396879207
1.42016337088
1.42065794616
1.4635757582
1.44628697014
1.46213097908
1.45167868346
1.45641340285
1.47408819275
1.45066088387
1.45599038458
1.45861646775
1.44705701339
1.45895202114
1.463400492
1.47165858812
1.45131457651
1.44222744392
1.48105131579
1.4494623141
1.46158646682
1.45612911515
1.48332936329
1.4593402619
1.44482317257
1.44308350417
1.45140931511
1.44645048308
1.45116160368
1.44436906641
1.42229884342
1.46808480681
1.46732716188
1.46165864688
1.45917134018
1.4357694801
1.4652044226
1.46048142748
1.45733661177
1.43061804826
1.43732877241
1.4465289489
1.45213222538
1.46534125718
1.45824106375
1.45611160287
1.45600858514
1.45639486404
1.453929847
1.4486372907
1.46706134841
1.44434621888
1.45598489003
1.4679976158
1.44410837543
1.45960611125
1.44455494876
1.42882259221
1.42279091929
1.44593568322
1.45343283299
1.46041466714
1.43994756849
1.46620257809
1.45458894537
1.45323260354
1.45383664832
1.44781939481
1.46714177911
1.46398463107
1.44751683928
1.45047199215
1.44398684205
1.42341490789
1.45768515119
1.43880123714
1.42921446956
1.44822097761
1.45198243791
1.41920470687
1.4347916225
1.4466146688
1.44918218316
1.44498961934
1.45583858995
1.44570743928
1.44522835566
1.46342782535
1.44115439839
1.44989585833
1.43390411116
1.44814640144
1.46496996556
1.46243153686
1.43925327861
1.46369293228
1.45291087132
1.42973598961
1.47602506754
1.4511691838
1.45488556251
1.4767836673
1.42631483201
1.44504463599
1.45814059679
1.4330380316
1.45490893186
1.42810958963
1.42449921025
1.44648193905
1.4546563168
1.45663790971
1.45722201466
1.46184985549
1.43810256936
1.46166651463
1.44307484213
1.46386508941
1.47102073405
1.42748520132
1.47115906686
1.45008068741
1.45514741521
1.41771471037
1.47458638268
1.43615911375
1.47091706088
1.43958500965
1.44413434278
1.43468393732
1.44496193721
1.46115057403
1.44991689417
1.46196066979
1.45014137242
1.46478155368
1.46128060276
1.45880841785
1.45151885968
1.46071694726
1.43394874385
1.41948370896
1.45754108004
1.45164527347
1.44246490425
1.45657612228
1.44990827296
1.44163934464
1.46012670683
1.45425547962
1.43446017721
1.45192871726
1.44904209739
1.47657746156
1.47218646917
1.45616791614
1.41869517515
1.40602169258
1.42770970439
1.46514913917
1.45230644149
1.44115543922
1.45347514599
1.44266177602
1.42863011308
1.43872234986
1.44123349947
1.44374132032
1.43095282941
1.42493999874
1.44850060407
1.45736302958
1.43750513043
1.45412447885
1.44444937606
1.44857930401
1.44115786783
1.44230821949
1.4274239034
1.46089903826
1.41918744357
1.44914077991
1.46038008751
1.44922634533
1.44338144647
1.43848879036
1.48051511306
1.46014417096
1.46030031158
1.45997465731
1.43585967281
1.46662401453
1.45990992873
1.47078312473
1.4427432204
1.44606604275
1.4590058259
1.44058495064
1.46194288534
1.45616928961
1.47008163039
1.4684284116
1.47845087845
1.42343844265
1.42227493826
1.46601159613
1.47163344621
1.44589176635
1.4550223366
1.45963111778
1.43510208696
1.45037271072
1.458366552
1.46664344679
1.46717790332
1.47221465826
1.45265997398
1.47186514328
1.44625205272
1.4392136742
1.42407127631
1.47079842263
1.46405805896
1.46691547132
1.47672949452
1.48008851087
1.45336058843
1.44159807159
1.46723311031
1.45249888124
1.45780142681
1.45915146575
1.4788931672
1.46950637971
1.44692052304
1.46987108278
1.48456929781
1.47471081911
1.46772783581
1.42959784555
1.47018978367
1.48472421682
1.45757366881
1.43972323729
1.45874020991
1.44077583267
1.45406533553
1.4460363066
1.42790090693
1.46632261116
1.46830684804
1.47302783409
1.4573019591
1.45200585398
1.46825985439
1.43627643579
1.46152317806
1.47058423764
1.47110468696
1.46970030959
1.46653264539
1.47432493026
1.4495685565
1.46189295094
1.45218490558
1.44450614398
1.44081817035
1.46718369675
1.45201549579
1.42947088113
1.44856825866
1.47268020969
1.46983094266
1.45529790765
1.45643434456
1.4532381085
1.46871440382
1.47784742108
1.46810966893
1.46464398405
1.44601625164
1.47399626865
1.4668609341
1.45247753855
1.4559333776
1.47305159448
1.45743713415
1.46813759573
1.45991917585
1.45561430331
1.44953820233
1.46802997245
1.46331302188
1.45243898323
1.46141335699
1.4610715246
1.46834464619
1.4552721395
1.41772388003
1.42357332091
1.43043140346
1.45679579901
1.45405020546
1.45738979
1.44891959749
1.46220997124
1.47062061729
1.46957680983
1.46572132413
1.47686830828
1.46075357265
1.46158988776
1.4517355131
1.42997972014
1.46231631325
1.43726511124
1.47999493242
1.44770473509
1.47710866222
1.46529587456
1.46745664331
1.48247293399
1.4654644315
1.434837273
1.45437993661
1.44794475033
1.44632603517
1.44742668208
1.44061271687
1.46554494984
1.44719970978
1.46054989644
1.46817267377
1.45205716141
1.44244271983
1.48328453103
1.45194386944
1.43911118403
1.46157073041
1.46701090657
1.44097467015
1.44804765115
1.40397898845
1.44947059301
1.43427507822
1.44749231431
1.45071913202
1.42402422732
1.45299036473
1.49218128925
1.45557205249
1.4537327815
1.44575620351
1.46566674248
1.46909836294
1.4555287699
1.47494542272
1.43485086333
1.48958685547
1.46956354065
1.47757301004
1.43509198311
1.45611160287
1.45863257882
1.45969209082
1.44393524786
1.48119073721
1.48010540165
1.4637663748
1.46642217659
1.47117809935
1.45553392266
1.447102968
1.48937872954
1.42902064366
1.44738971946
1.46278296408
1.45483126169
1.4548996529
1.43370324684
1.46729001905
1.44826655005
1.47239532735
1.44680233619
1.45190564432
1.44026560051
1.46790769465
1.45888107809
1.46838721051
1.44404085815
1.43615911375
1.4842068589
1.46672867293
1.46543747734
1.45495773134
1.43450235273
1.44024372937
1.44582433234
1.4285132131
1.46828879993
1.46572678218
1.45131044232
1.4508276948
1.46562785181
1.47040946678
1.46115057403
1.44791539808
1.45779593908
1.44069809467
1.45133111315
1.4651061395
1.44876982299
1.46064027057
1.42361546774
1.44887162992
1.4719497274
1.45471440496
1.46260657731
1.46775508856
1.44868008891
1.44533041205
1.45348030602
1.44782664708
1.45129011572
1.45505257637
1.45121638635
1.47801759123
1.44093060208
1.48115292931
1.45288471669
1.43393061199
1.47569170222
1.42793032043
1.45877654217
1.44335892972
1.46344866668
1.42720250841
1.46815326175
1.45689326994
1.46861124877
1.47149617737
1.46192133851
1.45123740305
1.45819546015
1.45695470074
1.44319402715
1.45230954001
1.44363222463
1.44499411764
1.4470179681
1.45231194996
1.44241914851
1.45791220586
1.45898629192
1.44160119312
1.44628351301
1.4275237301
1.42469821366
1.45175514464
1.47741971017
1.45944989637
1.45230954001
1.46347292425
1.46950978221
1.4829511118
1.44296534955
1.43647937681
1.44515535497
1.44150407561
1.4684256876
1.4690697737
1.43298011152
1.44670314854
1.43323480281
1.44999620689
1.4421671193
1.46151599375
1.43406624673
1.44130843333
1.44796995825
1.45383114563
1.47438122614
1.46267187024
1.46793221914
1.43513204967
1.46718062964
1.44570190565
1.47026596233
1.46216654318
1.4578278362
1.47311404854
1.46793051607
1.44615939647
1.4467104064
1.45198450405
1.43674806421
1.46402458996
1.4537279663
1.43410634194
1.47413466142
1.45670244045
1.46067415942
1.46706237086
1.46544225407
1.46459584869
1.48441672047
1.47507389645
1.44017255911
1.45363853829
1.46998333324
1.45920252193
1.47276882096
